Pos	distance
3471	881
5169	1698
6192	1023
6747	555
7517	770
7870	353
9436	1566
9590	154
12010	2420
12402	392
15750	3348
17946	2196
21562	3616
22582	1020
23050	468
23205	155
23609	404
24264	655
26214	1950
27647	1433
28470	823
29409	939
30768	1359
30932	164
31189	257
34224	3035
34552	328
35400	848
35544	144
38781	3237
43893	5112
45081	1188
47367	2286
47433	66
50356	2923
50561	205
54446	3885
55084	638
56366	1282
60145	3779
61746	1601
64461	2715
64695	234
70988	6293
73519	2531
76709	3190
77680	971
82186	4506
85465	3279
86514	1049
87247	733
90743	3496
90860	117
91532	672
92162	630
92227	65
94536	2309
97128	2592
98863	1735
99821	958
101069	1248
101368	299
101967	599
102250	283
103096	846
103244	148
103988	744
104972	984
105552	580
106712	1160
107704	992
108278	574
109594	1316
110707	1113
111380	673
111381	1
112482	1101
112625	143
113583	958
114319	736
114654	335
115704	1050
118404	2700
119749	1345
119759	10
121889	2130
125055	3166
125387	332
126215	828
127061	846
128514	1453
128524	10
132817	4293
140459	7642
141188	729
141850	662
141901	51
143718	1817
143934	216
145295	1361
145666	371
146664	998
147848	1184
152899	5051
156641	3742
158293	1652
158343	50
158611	268
158614	3
159338	724
160480	1142
160982	502
161145	163
164015	2870
164499	484
168047	3548
168060	13
170187	2127
170337	150
172454	2117
180151	7697
181958	1807
182887	929
184977	2090
186482	1505
187418	936
191549	4131
192702	1153
193480	778
195840	2360
197138	1298
197249	111
197517	268
197688	171
198069	381
201106	3037
206114	5008
206664	550
207503	839
208368	865
210235	1867
210254	19
210529	275
210830	301
213341	2511
213700	359
216050	2350
216627	577
217212	585
217490	278
218445	955
222954	4509
223183	229
223425	242
224761	1336
224897	136
226843	1946
229959	3116
233078	3119
236259	3181
241086	4827
241934	848
242322	388
242710	388
244639	1929
245137	498
245293	156
245299	6
247012	1713
248761	1749
249421	660
249688	267
249763	75
250023	260
252743	2720
253326	583
253616	290
255156	1540
256709	1553
257711	1002
258034	323
261320	3286
261973	653
262889	916
265852	2963
266292	440
266785	493
268008	1223
270585	2577
270759	174
274213	3454
275219	1006
275763	544
277205	1442
277479	274
279475	1996
279822	347
284829	5007
286518	1689
287676	1158
288594	918
289003	409
289030	27
291721	2691
293672	1951
293731	59
293901	170
298292	4391
301367	3075
301723	356
301987	264
302603	616
304525	1922
305537	1012
307301	1764
309088	1787
311410	2322
311584	174
311754	170
312043	289
314558	2515
314623	65
319136	4513
320739	1603
321753	1014
322533	780
323440	907
323960	520
324543	583
327503	2960
328123	620
328835	712
331097	2262
332407	1310
332457	50
332771	314
334085	1314
341311	7226
341619	308
341921	302
342311	390
344866	2555
345018	152
346007	989
347529	1522
347902	373
349005	1103
349721	716
353538	3817
358129	4591
360862	2733
360876	14
361215	339
361696	481
362574	878
363238	664
365107	1869
365357	250
365469	112
365627	158
366760	1133
367085	325
369116	2031
370757	1641
371719	962
375878	4159
378551	2673
383727	5176
383996	269
384612	616
387947	3335
388253	306
388530	277
391040	2510
392258	1218
393105	847
397427	4322
397898	471
398344	446
398724	380
398940	216
401402	2462
402159	757
403377	1218
405985	2608
406928	943
409029	2101
410848	1819
413078	2230
413091	13
413583	492
413687	104
415809	2122
417494	1685
417595	101
423095	5500
425006	1911
425862	856
427401	1539
427827	426
428128	301
428797	669
429884	1087
430773	889
431418	645
432070	652
433656	1586
434187	531
437088	2901
442079	4991
443128	1049
443489	361
444377	888
448450	4073
449587	1137
449786	199
450293	507
457373	7080
458114	741
458467	353
459881	1414
463814	3933
473076	9262
474024	948
475533	1509
481589	6056
483610	2021
483644	34
485642	1998
488066	2424
488531	465
489868	1337
492333	2465
493594	1261
493997	403
494177	180
495401	1224
495509	108
496887	1378
497073	186
498167	1094
498738	571
499531	793
501387	1856
501922	535
503179	1257
503394	215
503396	2
503485	89
503489	4
503508	19
503515	7
503760	245
506161	2401
506995	834
507545	550
508290	745
508559	269
509852	1293
511599	1747
511729	130
512075	346
512794	719
514264	1470
515968	1704
516054	86
516262	208
517990	1728
517996	6
518361	365
519102	741
521347	2245
522995	1648
523165	170
531441	8276
532053	612
533055	1002
534154	1099
534480	326
535771	1291
536217	446
537448	1231
538532	1084
538639	107
539213	574
543435	4222
549077	5642
549934	857
550683	749
551312	629
555697	4385
555719	22
556701	982
557620	919
557713	93
558821	1108
559541	720
560216	675
560781	565
561348	567
563574	2226
563831	257
566460	2629
566758	298
567379	621
569223	1844
572135	2912
573260	1125
577802	4542
577939	137
578340	401
584382	6042
586369	1987
587249	880
588418	1169
588814	396
589031	217
589770	739
590496	726
591395	899
591418	23
592341	923
595749	3408
596192	443
597754	1562
597989	235
599733	1744
600312	579
600549	237
600912	363
603439	2527
603957	518
606828	2871
608749	1921
608859	110
610190	1331
610222	32
612742	2520
612857	115
613154	297
614729	1575
614916	187
615000	84
616149	1149
617433	1284
618447	1014
619232	785
619356	124
620489	1133
620522	33
620569	47
620642	73
621200	558
627161	5961
627166	5
627637	471
629228	1591
633324	4096
635123	1799
636105	982
637273	1168
640300	3027
641345	1045
642388	1043
642510	122
643006	496
645829	2823
648688	2859
648986	298
651455	2469
651509	54
655879	4370
656347	468
656863	516
660855	3992
661115	260
661517	402
662607	1090
663643	1036
664315	672
665019	704
666318	1299
669628	3310
672751	3123
673045	294
674807	1762
675398	591
676531	1133
679753	3222
681721	1968
682926	1205
684321	1395
684503	182
685374	871
686354	980
686802	448
689065	2263
689624	559
691420	1796
691460	40
691632	172
692112	480
692936	824
694612	1676
696321	1709
698432	2111
700824	2392
701051	227
701118	67
701133	15
701435	302
701848	413
701865	17
702058	193
702678	620
703651	973
703971	320
704619	648
705554	935
706161	607
706224	63
708446	2222
708448	2
710159	1711
710651	492
710922	271
711955	1033
713284	1329
716214	2930
718420	2206
720093	1673
720264	171
720553	289
721126	573
721190	64
721303	113
721473	170
721511	38
721948	437
725201	3253
725726	525
726331	605
726460	129
728285	1825
729279	994
729595	316
730658	1063
730927	269
732340	1413
736345	4005
738470	2125
740312	1842
742943	2631
746268	3325
746842	574
750460	3618
751802	1342
752961	1159
754158	1197
756172	2014
758268	2096
759718	1450
760623	905
763003	2380
764963	1960
766824	1861
767947	1123
768664	717
768692	28
771181	2489
775779	4598
776152	373
776274	122
776324	50
776983	659
778820	1837
780527	1707
781232	705
782508	1276
790980	8472
791438	458
792224	786
792988	764
794274	1286
797584	3310
798082	498
799275	1193
799346	71
802022	2676
802201	179
805924	3723
807811	1887
809229	1418
809755	526
810618	863
810778	160
814030	3252
814060	30
814311	251
814660	349
814902	242
816994	2092
818101	1107
818650	549
819932	1282
820421	489
820821	400
821957	1136
822661	704
825216	2555
825434	218
826488	1054
827119	631
827300	181
828488	1188
829857	1369
830589	732
835004	4415
836863	1859
837969	1106
837972	3
838014	42
838547	533
838699	152
839964	1265
841138	1174
842629	1491
843577	948
844490	913
845571	1081
847877	2306
848483	606
850478	1995
851920	1442
854992	3072
857665	2673
858613	948
859506	893
859575	69
860456	881
861756	1300
863435	1679
867255	3820
868091	836
870161	2070
870936	775
871161	225
872533	1372
873645	1112
874233	588
875483	1250
875918	435
877657	1739
877751	94
879652	1901
881963	2311
882336	373
887493	5157
887636	143
888446	810
890599	2153
894011	3412
894072	61
895943	1871
896456	513
896501	45
896934	433
898070	1136
898661	591
900457	1796
900641	184
901096	455
901098	2
901582	484
901968	386
902412	444
905870	3458
906533	663
906974	441
907925	951
913340	5415
914736	1396
915016	280
915062	46
915593	531
917648	2055
918528	880
918781	253
919491	710
919976	485
920943	967
920995	52
924755	3760
925736	981
926080	344
927366	1286
928272	906
929137	865
930375	1238
932075	1700
934637	2562
935994	1357
937762	1768
939143	1381
939278	135
939461	183
939896	435
942581	2685
943947	1366
946899	2952
948252	1353
949961	1709
950474	513
954933	4459
955403	470
957030	1627
957504	474
958528	1024
958574	46
959253	679
960371	1118
962566	2195
962575	9
963108	533
964228	1120
964526	298
964867	341
965333	466
968318	2985
969268	950
969398	130
969400	2
970364	964
971412	1048
972088	676
973102	1014
973103	1
973211	108
974156	945
976895	2739
978421	1526
978983	562
980958	1975
981740	782
984754	3014
986899	2145
988363	1464
988724	361
988936	212
989420	484
990764	1344
992052	1288
993869	1817
997442	3573
997547	105
997553	6
998037	484
998558	521
1002261	3703
1002305	44
1005078	2773
1007301	2223
1008610	1309
1008823	213
1013763	4940
1014425	662
1015189	764
1016330	1141
1019359	3029
1020038	679
1020169	131
1021289	1120
1021925	636
1022072	147
1022584	512
1026306	3722
1026982	676
1027500	518
1027779	279
1028195	416
1028949	754
1029486	537
1030516	1030
1032476	1960
1034577	2101
1036371	1794
1036944	573
1038465	1521
1039375	910
1039546	171
1040776	1230
1041385	609
1042320	935
1042533	213
1044010	1477
1044555	545
1044898	343
1046094	1196
1046999	905
1047100	101
1050255	3155
1052782	2527
1053142	360
1055479	2337
1056052	573
1056802	750
1059427	2625
1059782	355
1061359	1577
1063119	1760
1063237	118
1063363	126
1065564	2201
1066100	536
1068276	2176
1068658	382
1069827	1169
1071632	1805
1074435	2803
1075158	723
1077288	2130
1082218	4930
1083199	981
1083898	699
1088041	4143
1093863	5822
1094818	955
1097438	2620
1101394	3956
1102588	1194
1103925	1337
1105268	1343
1105689	421
1105732	43
1105739	7
1105785	46
1105786	1
1105867	81
1105869	2
1105870	1
1106043	173
1106072	29
1106107	35
1106292	185
1106318	26
1106987	669
1108199	1212
1108640	441
1108804	164
1112329	3525
1112845	516
1112927	82
1113319	392
1117933	4614
1119320	1387
1119709	389
1122492	2783
1124927	2435
1124975	48
1125654	679
1126936	1282
1130680	3744
1130800	120
1132937	2137
1133713	776
1134729	1016
1136396	1667
1138255	1859
1138419	164
1139034	615
1142335	3301
1142535	200
1142644	109
1144670	2026
1145733	1063
1146353	620
1152028	5675
1152625	597
1152928	303
1153503	575
1154770	1267
1154968	198
1155701	733
1156135	434
1156229	94
1161520	5291
1161547	27
1161927	380
1162564	637
1163533	969
1163719	186
1163772	53
1163968	196
1164805	837
1166195	1390
1166748	553
1169571	2823
1172170	2599
1172641	471
1173446	805
1173814	368
1174459	645
1178125	3666
1188126	10001
1189756	1630
1189929	173
1190102	173
1191813	1711
1192174	361
1194086	1912
1196292	2206
1197192	900
1197396	204
1199444	2048
1200862	1418
1201310	448
1202401	1091
1204106	1705
1207031	2925
1207348	317
1207723	375
1208343	620
1210963	2620
1211082	119
1211648	566
1212541	893
1212763	222
1213356	593
1214624	1268
1216348	1724
1216623	275
1219932	3309
1221302	1370
1221662	360
1226871	5209
1237841	10970
1240844	3003
1241010	166
1242212	1202
1242685	473
1248060	5375
1248138	78
1248246	108
1248810	564
1249286	476
1250357	1071
1250972	615
1251727	755
1251812	85
1256594	4782
1256859	265
1258181	1322
1258383	202
1258488	105
1258754	266
1260557	1803
1261233	676
1265898	4665
1267034	1136
1272619	5585
1273947	1328
1281450	7503
1282470	1020
1282529	59
1283068	539
1283864	796
1284756	892
1285116	360
1286270	1154
1287410	1140
1289632	2222
1290007	375
1290440	433
1290605	165
1292689	2084
1294883	2194
1298073	3190
1300225	2152
1301885	1660
1302305	420
1302799	494
1303859	1060
1305021	1162
1309165	4144
1309447	282
1312064	2617
1312657	593
1312788	131
1314720	1932
1315711	991
1316251	540
1318417	2166
1318868	451
1319323	455
1319329	6
1319797	468
1320238	441
1323002	2764
1324876	1874
1325639	763
1326290	651
1326445	155
1326473	28
1327963	1490
1331525	3562
1333076	1551
1333276	200
1334879	1603
1335250	371
1340614	5364
1343813	3199
1344811	998
1345710	899
1346271	561
1347605	1334
1348370	765
1348451	81
1349470	1019
1350571	1101
1352570	1999
1354480	1910
1358204	3724
1359327	1123
1360018	691
1360706	688
1362098	1392
1362909	811
1367141	4232
1367929	788
1368591	662
1370487	1896
1370910	423
1373167	2257
1375844	2677
1378058	2214
1380741	2683
1380945	204
1381079	134
1382149	1070
1382377	228
1384011	1634
1387483	3472
1389913	2430
1389955	42
1390035	80
1392935	2900
1392936	1
1392937	1
1392968	31
1394742	1774
1394842	100
1394965	123
1396802	1837
1397970	1168
1399467	1497
1399680	213
1400682	1002
1400920	238
1402814	1894
1403079	265
1405877	2798
1406038	161
1406980	942
1407707	727
1409363	1656
1410875	1512
1413140	2265
1415475	2335
1416182	707
1416192	10
1416470	278
1416768	298
1416800	32
1419957	3157
1422357	2400
1423371	1014
1423569	198
1423600	31
1425456	1856
1430504	5048
1431494	990
1432289	795
1432593	304
1432789	196
1433293	504
1433391	98
1434765	1374
1437970	3205
1438429	459
1441159	2730
1441631	472
1442539	908
1443371	832
1444527	1156
1444602	75
1444662	60
1444928	266
1447167	2239
1448517	1350
1449160	643
1450896	1736
1457741	6845
1463830	6089
1464516	686
1466179	1663
1466927	748
1470118	3191
1473748	3630
1476173	2425
1479114	2941
1479703	589
1484126	4423
1484275	149
1487556	3281
1487725	169
1487734	9
1489351	1617
1489630	279
1498776	9146
1505796	7020
1506608	812
1506692	84
1506841	149
1507156	315
1508170	1014
1511710	3540
1512039	329
1520079	8040
1520336	257
1521289	953
1521705	416
1522092	387
1523582	1490
1524371	789
1528309	3938
1529614	1305
1531853	2239
1532155	302
1532645	490
1534970	2325
1536293	1323
1536809	516
1538501	1692
1538919	418
1543001	4082
1544443	1442
1545684	1241
1546276	592
1548484	2208
1551055	2571
1551570	515
1553609	2039
1555004	1395
1555250	246
1557198	1948
1558830	1632
1561327	2497
1561738	411
1567076	5338
1567990	914
1568588	598
1569435	847
1571602	2167
1574602	3000
1578976	4374
1579629	653
1579856	227
1580461	605
1580625	164
1581105	480
1581417	312
1581972	555
1582989	1017
1583732	743
1586107	2375
1587742	1635
1591561	3819
1591574	13
1591787	213
1591800	13
1591864	64
1591900	36
1592013	113
1593684	1671
1595325	1641
1596815	1490
1598652	1837
1600893	2241
1605205	4312
1605262	57
1605370	108
1608297	2927
1608532	235
1609252	720
1609579	327
1611638	2059
1612137	499
1613838	1701
1619936	6098
1620759	823
1622844	2085
1623431	587
1626701	3270
1627521	820
1629847	2326
1631937	2090
1632117	180
1634895	2778
1638208	3313
1638660	452
1639136	476
1640234	1098
1642430	2196
1642663	233
1644696	2033
1645115	419
1646925	1810
1648364	1439
1649064	700
1651778	2714
1653089	1311
1655033	1944
1656317	1284
1656767	450
1657844	1077
1658326	482
1659388	1062
1662098	2710
1662886	788
1665140	2254
1665602	462
1666042	440
1671525	5483
1671903	378
1673398	1495
1673707	309
1674459	752
1675400	941
1678374	2974
1678407	33
1679291	884
1681969	2678
1682072	103
1682434	362
1682632	198
1682720	88
1683398	678
1683506	108
1684758	1252
1684923	165
1687568	2645
1688181	613
1689226	1045
1690307	1081
1691061	754
1691437	376
1696786	5349
1698695	1909
1699305	610
1699708	403
1699814	106
1701497	1683
1702161	664
1703792	1631
1703805	13
1703812	7
1704849	1037
1705128	279
1705978	850
1707641	1663
1707801	160
1708375	574
1709288	913
1709619	331
1710511	892
1710664	153
1712258	1594
1714420	2162
1716038	1618
1717623	1585
1718747	1124
1720471	1724
1722206	1735
1722794	588
1723889	1095
1724204	315
1724418	214
1725202	784
1725331	129
1729257	3926
1730545	1288
1731071	526
1731756	685
1736391	4635
1736548	157
1737060	512
1737536	476
1738559	1023
1739314	755
1739339	25
1739581	242
1739601	20
1739604	3
1739607	3
1739637	30
1739770	133
1740989	1219
1742563	1574
1742926	363
1743311	385
1746218	2907
1746495	277
1748386	1891
1749245	859
1751742	2497
1751892	150
1752583	691
1754648	2065
1754837	189
1755220	383
1758453	3233
1760347	1894
1760570	223
1760590	20
1763009	2419
1763049	40
1766626	3577
1770722	4096
1771504	782
1772519	1015
1777013	4494
1777033	20
1778212	1179
1778426	214
1778910	484
1779397	487
1781176	1779
1781868	692
1782820	952
1783228	408
1784664	1436
1785240	576
1787748	2508
1788834	1086
1789367	533
1790301	934
1791063	762
1793938	2875
1796801	2863
1796873	72
1800387	3514
1803986	3599
1804199	213
1805413	1214
1806390	977
1806458	68
1806558	100
1806592	34
1807059	467
1809265	2206
1810240	975
1812165	1925
1812391	226
1814603	2212
1814852	249
1814971	119
1815166	195
1815478	312
1816292	814
1817685	1393
1822406	4721
1822582	176
1825611	3029
1828718	3107
1828816	98
1829179	363
1829442	263
1830081	639
1830571	490
1831490	919
1831844	354
1832146	302
1833833	1687
1835003	1170
1841440	6437
1842480	1040
1843137	657
1843900	763
1846845	2945
1847172	327
1850587	3415
1850792	205
1852895	2103
1853711	816
1853901	190
1854866	965
1855774	908
1856428	654
1856579	151
1858232	1653
1858428	196
1859296	868
1861055	1759
1861730	675
1862298	568
1863319	1021
1864633	1314
1864802	169
1865944	1142
1870765	4821
1870798	33
1870919	121
1871008	89
1871085	77
1872623	1538
1875790	3167
1878260	2470
1878708	448
1882403	3695
1884348	1945
1890341	5993
1891195	854
1892333	1138
1895671	3338
1897121	1450
1898393	1272
1898519	126
1902961	4442
1904166	1205
1904385	219
1905104	719
1905564	460
1907207	1643
1907334	127
1907972	638
1911029	3057
1913363	2334
1915442	2079
1915518	76
1916157	639
1916558	401
1926463	9905
1928043	1580
1930400	2357
1934604	4204
1935091	487
1935373	282
1936073	700
1936463	390
1937089	626
1937279	190
1938654	1375
1939764	1110
1939869	105
1940928	1059
1941241	313
1942396	1155
1945061	2665
1945194	133
1946884	1690
1949171	2287
1949826	655
1950463	637
1954357	3894
1955693	1336
1956688	995
1956865	177
1957070	205
1959442	2372
1961842	2400
1962312	470
1964182	1870
1965408	1226
1966920	1512
1969296	2376
1969792	496
1971031	1239
1973756	2725
1974378	622
1975061	683
1976134	1073
1976467	333
1978118	1651
1981465	3347
1988370	6905
1991245	2875
1991683	438
1992789	1106
1993204	415
1994195	991
1994614	419
1994923	309
1995890	967
1997816	1926
1998929	1113
2000277	1348
2000584	307
2001853	1269
2004090	2237
2004191	101
2004772	581
2006230	1458
2008478	2248
2010212	1734
2012079	1867
2012517	438
2018225	5708
2020150	1925
2023494	3344
2027627	4133
2028177	550
2029187	1010
2033769	4582
2035731	1962
2036504	773
2038787	2283
2038998	211
2039036	38
2041311	2275
2046592	5281
2047250	658
2047613	363
2051411	3798
2053447	2036
2054414	967
2057046	2632
2061048	4002
2061651	603
2061948	297
2063634	1686
2064268	634
2065192	924
2065558	366
2066259	701
2066976	717
2077594	10618
2081041	3447
2081749	708
2082921	1172
2084293	1372
2084519	226
2087371	2852
2088447	1076
2089513	1066
2092764	3251
2092835	71
2092907	72
2098898	5991
2098947	49
2100286	1339
2103620	3334
2103913	293
2105175	1262
2105703	528
2105743	40
2106174	431
2107598	1424
2107893	295
2109483	1590
2109593	110
2117367	7774
2120985	3618
2120993	8
2122679	1686
2122702	23
2127074	4372
2128189	1115
2129636	1447
2131706	2070
2133360	1654
2135354	1994
2138011	2657
2143221	5210
2150989	7768
2152856	1867
2154355	1499
2162035	7680
2163145	1110
2164320	1175
2164564	244
2165288	724
2166807	1519
2169525	2718
2171301	1776
2172465	1164
2172560	95
2173767	1207
2175252	1485
2175818	566
2177085	1267
2177299	214
2181582	4283
2184321	2739
2187730	3409
2189816	2086
2194319	4503
2196322	2003
2196603	281
2197412	809
2197432	20
2197566	134
2197704	138
2197984	280
2199643	1659
2200034	391
2200442	408
2201020	578
2201843	823
2204628	2785
2204974	346
2205782	808
2206485	703
2206675	190
2207088	413
2207134	46
2207690	556
2207702	12
2207717	15
2207725	8
2207757	32
2207759	2
2207774	15
2207828	54
2207831	3
2207876	45
2207909	33
2207927	18
2207966	39
2208013	47
2208023	10
2209676	1653
2212921	3245
2214060	1139
2216802	2742
2218083	1281
2223481	5398
2228681	5200
2231283	2602
2231985	702
2233365	1380
2236226	2861
2237305	1079
2237957	652
2238434	477
2239022	588
2241267	2245
2242796	1529
2243481	685
2248124	4643
2249941	1817
2250255	314
2252095	1840
2252098	3
2252593	495
2253240	647
2254713	1473
2255169	456
2255488	319
2256234	746
2256245	11
2257279	1034
2258702	1423
2262018	3316
2262178	160
2262825	647
2265891	3066
2267008	1117
2268791	1783
2270002	1211
2271632	1630
2272079	447
2275011	2932
2275066	55
2276129	1063
2277082	953
2277509	427
2277653	144
2281377	3724
2284934	3557
2287995	3061
2288092	97
2289043	951
2289222	179
2291722	2500
2291924	202
2294332	2408
2294760	428
2295912	1152
2298239	2327
2299078	839
2300314	1236
2300941	627
2301183	242
2302834	1651
2305124	2290
2306008	884
2307855	1847
2309665	1810
2310261	596
2313298	3037
2318096	4798
2319228	1132
2323959	4731
2324542	583
2324973	431
2325634	661
2327072	1438
2329352	2280
2333587	4235
2334745	1158
2335591	846
2338738	3147
2339169	431
2340384	1215
2341027	643
2341442	415
2341941	499
2341989	48
2344374	2385
2345438	1064
2348248	2810
2355879	7631
2358298	2419
2361781	3483
2367613	5832
2367794	181
2371614	3820
2372075	461
2372100	25
2380977	8877
2381208	231
2385381	4173
2386102	721
2387118	1016
2388272	1154
2393926	5654
2394592	666
2394711	119
2403843	9132
2404294	451
2405992	1698
2406390	398
2410739	4349
2412583	1844
2412634	51
2418703	6069
2419231	528
2423889	4658
2425423	1534
2427221	1798
2427710	489
2429993	2283
2431121	1128
2438197	7076
2439113	916
2439403	290
2441292	1889
2441323	31
2441370	47
2441608	238
2441977	369
2442070	93
2442656	586
2449018	6362
2451135	2117
2452497	1362
2454981	2484
2457202	2221
2460044	2842
2460067	23
2463387	3320
2463917	530
2464155	238
2469374	5219
2469918	544
2469942	24
2473042	3100
2473731	689
2474523	792
2475195	672
2481929	6734
2482310	381
2483390	1080
2483438	48
2483504	66
2483507	3
2483570	63
2483573	3
2483576	3
2483585	9
2483591	6
2483642	51
2483672	30
2483706	34
2483720	14
2483867	147
2483882	15
2483883	1
2483884	1
2483885	1
2483966	81
2483978	12
2484008	30
2484017	9
2484032	15
2484116	84
2484158	42
2484161	3
2484173	12
2484188	15
2484242	54
2484305	63
2484308	3
2484310	2
2484386	76
2484482	96
2484485	3
2484518	33
2484519	1
2484524	5
2484743	219
2484776	33
2484779	3
2484878	99
2490374	5496
2491349	975
2492154	805
2494600	2446
2496246	1646
2499589	3343
2499832	243
2503878	4046
2506937	3059
2507924	987
2510026	2102
2510562	536
2511675	1113
2511685	10
2515999	4314
2521316	5317
2524218	2902
2525707	1489
2526027	320
2527266	1239
2528201	935
2528286	85
2529813	1527
2529927	114
2529946	19
2532506	2560
2534266	1760
2537566	3300
2537739	173
2539102	1363
2540359	1257
2542904	2545
2545011	2107
2552771	7760
2555098	2327
2555917	819
2558241	2324
2559726	1485
2562375	2649
2563225	850
2564105	880
2567041	2936
2570070	3029
2574013	3943
2574764	751
2577838	3074
2578831	993
2579256	425
2581825	2569
2582365	540
2582969	604
2584169	1200
2587171	3002
2591223	4052
2593158	1935
2594025	867
2595546	1521
2595582	36
2597552	1970
2600630	3078
2600967	337
2602675	1708
2605709	3034
2606325	616
2606845	520
2607577	732
2607953	376
2611478	3525
2613650	2172
2615225	1575
2616829	1604
2617365	536
2618302	937
2618893	591
2619930	1037
2620437	507
2620474	37
2621550	1076
2622199	649
2623529	1330
2623869	340
2624408	539
2629219	4811
2630607	1388
2631864	1257
2632006	142
2632326	320
2633878	1552
2635764	1886
2637261	1497
2637894	633
2637897	3
2638034	137
2638098	64
2638187	89
2638253	66
2638279	26
2638342	63
2638375	33
2638384	9
2638390	6
2638399	9
2638578	179
2638597	19
2638641	44
2638675	34
2638746	71
2638814	68
2640097	1283
2641728	1631
2650723	8995
2653206	2483
2654236	1030
2655522	1286
2656110	588
2659664	3554
2661040	1376
2662794	1754
2664782	1988
2665401	619
2667291	1890
2667809	518
2668014	205
2668708	694
2669174	466
2670245	1071
2673803	3558
2677069	3266
2679004	1935
2680176	1172
2683093	2917
2684310	1217
2684368	58
2685912	1544
2686856	944
2687318	462
2690861	3543
2691952	1091
2695445	3493
2696284	839
2697393	1109
2699200	1807
2702494	3294
2708339	5845
2712967	4628
2713301	334
2713639	338
2714695	1056
2716099	1404
2721578	5479
2722249	671
2723511	1262
2727005	3494
2728117	1112
2729912	1795
2730399	487
2731178	779
2731655	477
2738784	7129
2738916	132
2739616	700
2739832	216
2739917	85
2741015	1098
2743525	2510
2744181	656
2744439	258
2746540	2101
2748957	2417
2749572	615
2750890	1318
2751025	135
2751387	362
2751662	275
2753652	1990
2755202	1550
2755306	104
2758227	2921
2764122	5895
2766381	2259
2766394	13
2769258	2864
2769464	206
2770166	702
2772758	2592
2773699	941
2777274	3575
2780776	3502
2781226	450
2785901	4675
2788087	2186
2788584	497
2790456	1872
2792836	2380
2794917	2081
2796527	1610
2797259	732
2797327	68
2797979	652
2798626	647
2803153	4527
2805907	2754
2807008	1101
2807331	323
2810195	2864
2810357	162
2811527	1170
2811990	463
2812573	583
2812614	41
2812773	159
2813210	437
2813265	55
2817501	4236
2819157	1656
2820109	952
2821769	1660
2822399	630
2822590	191
2823993	1403
2824521	528
2825110	589
2825225	115
2827473	2248
2827562	89
2830469	2907
2831549	1080
2832515	966
2834413	1898
2835219	806
2835647	428
2836116	469
2838553	2437
2840419	1866
2841394	975
2844103	2709
2844778	675
2845131	353
2845964	833
2846990	1026
2847535	545
2848722	1187
2849947	1225
2850278	331
2850364	86
2851000	636
2853087	2087
2854378	1291
2855128	750
2855608	480
2855815	207
2858623	2808
2858854	231
2858864	10
2859092	228
2861224	2132
2863467	2243
2864447	980
2865034	587
2866175	1141
2868231	2056
2868812	581
2869331	519
2869543	212
2870337	794
2871419	1082
2877223	5804
2877692	469
2877712	20
2878188	476
2879082	894
2884800	5718
2887232	2432
2891662	4430
2893739	2077
2894515	776
2899096	4581
2899605	509
2900289	684
2902305	2016
2903407	1102
2903966	559
2904422	456
2904514	92
2904956	442
2908619	3663
2908909	290
2909861	952
2910805	944
2911969	1164
2912508	539
2912914	406
2915862	2948
2917249	1387
2918571	1322
2924548	5977
2924939	391
2930051	5112
2930463	412
2931400	937
2933320	1920
2933551	231
2934045	494
2934408	363
2934452	44
2939797	5345
2941184	1387
2943446	2262
2945067	1621
2946102	1035
2947119	1017
2949088	1969
2951192	2104
2952572	1380
2954244	1672
2956153	1909
2960223	4070
2960585	362
2962816	2231
2963187	371
2963346	159
2966062	2716
2966473	411
2966530	57
2967343	813
2967373	30
2968621	1248
2975189	6568
2975620	431
2976235	615
2978039	1804
2978375	336
2978423	48
2979460	1037
2979889	429
2979895	6
2982835	2940
2984541	1706
2989527	4986
2989997	470
2991263	1266
2991536	273
2993432	1896
2994072	640
2994300	228
2996654	2354
2997122	468
2999448	2326
2999650	202
3001355	1705
3001987	632
3002317	330
3003042	725
3004832	1790
3005083	251
3009159	4076
3009876	717
3010311	435
3014476	4165
3015449	973
3016009	560
3016038	29
3017314	1276
3018012	698
3019608	1596
3020953	1345
3025580	4627
3031199	5619
3033046	1847
3035807	2761
3040820	5013
3041050	230
3042106	1056
3042155	49
3043006	851
3043319	313
3044010	691
3045501	1491
3045643	142
3045734	91
3048614	2880
3049436	822
3051630	2194
3051973	343
3054657	2684
3058198	3541
3058710	512
3060482	1772
3061654	1172
3063741	2087
3068592	4851
3071288	2696
3071554	266
3074983	3429
3076144	1161
3078397	2253
3080330	1933
3080423	93
3082387	1964
3082642	255
3083035	393
3083894	859
3085941	2047
3086083	142
3088201	2118
3088927	726
3089106	179
3091738	2632
3093356	1618
3094927	1571
3095787	860
3097212	1425
3099616	2404
3101633	2017
3101932	299
3103684	1752
3104275	591
3105187	912
3105506	319
3108069	2563
3111197	3128
3111766	569
3112667	901
3113224	557
3113672	448
3114583	911
3115275	692
3120598	5323
3122818	2220
3122938	120
3122974	36
3123681	707
3126411	2730
3126731	320
3130411	3680
3131320	909
3133695	2375
3134518	823
3136804	2286
3136977	173
3137804	827
3138098	294
3139378	1280
3141590	2212
3142732	1142
3143097	365
3143696	599
3146045	2349
3146603	558
3149727	3124
3152447	2720
3157361	4914
3158213	852
3159195	982
3162856	3661
3164013	1157
3165243	1230
3167655	2412
3168205	550
3168295	90
3170039	1744
3170766	727
3172618	1852
3173836	1218
3174189	353
3174367	178
3174392	25
3174393	1
3174395	2
3174471	76
3174556	85
3174680	124
3175017	337
3175830	813
3177397	1567
3178167	770
3180049	1882
3181360	1311
3182169	809
3182533	364
3183193	660
3183881	688
3185646	1765
3186127	481
3188713	2586
3190550	1837
3190637	87
3191347	710
3197947	6600
3198543	596
3199403	860
3199497	94
3201116	1619
3203157	2041
3203997	840
3204670	673
3204750	80
3206304	1554
3206336	32
3206398	62
3206510	112
3207700	1190
3212061	4361
3216079	4018
3217419	1340
3217555	136
3217754	199
3219088	1334
3219275	187
3227643	8368
3227732	89
3228596	864
3230400	1804
3231543	1143
3232060	517
3232221	161
3232707	486
3233844	1137
3235797	1953
3236302	505
3236989	687
3238432	1443
3239127	695
3240633	1506
3241915	1282
3242437	522
3247532	5095
3248976	1444
3249080	104
3254284	5204
3255365	1081
3256743	1378
3259577	2834
3259829	252
3260170	341
3260819	649
3261215	396
3262294	1079
3263274	980
3265870	2596
3266248	378
3266353	105
3266588	235
3268938	2350
3269206	268
3269316	110
3270083	767
3271203	1120
3271942	739
3273142	1200
3280958	7816
3280962	4
3281738	776
3281953	215
3282121	168
3282569	448
3286473	3904
3286652	179
3289377	2725
3290968	1591
3292384	1416
3292991	607
3293398	407
3293558	160
3293681	123
3294866	1185
3297057	2191
3297634	577
3297689	55
3298186	497
3298593	407
3300067	1474
3303991	3924
3304175	184
3304281	106
3304783	502
3305430	647
3306169	739
3307298	1129
3307526	228
3307733	207
3309085	1352
3309794	709
3309857	63
3309867	10
3310173	306
3310975	802
3312312	1337
3316816	4504
3317014	198
3318699	1685
3319926	1227
3320057	131
3320063	6
3320465	402
3323267	2802
3324078	811
3324448	370
3325541	1093
3326098	557
3326178	80
3327017	839
3327488	471
3330153	2665
3330994	841
3333413	2419
3333702	289
3333708	6
3340484	6776
3340695	211
3341729	1034
3342697	968
3344020	1323
3344440	420
3344917	477
3346462	1545
3347299	837
3349212	1913
3349989	777
3350065	76
3350356	291
3353666	3310
3355409	1743
3356550	1141
3357760	1210
3358306	546
3358955	649
3360300	1345
3363899	3599
3364407	508
3364436	29
3364747	311
3364879	132
3370938	6059
3371649	711
3372966	1317
3373029	63
3373983	954
3374982	999
3378008	3026
3379341	1333
3380227	886
3381364	1137
3383414	2050
3383719	305
3384048	329
3384137	89
3384363	226
3384473	110
3385601	1128
3386729	1128
3387055	326
3387133	78
3390143	3010
3390625	482
3394345	3720
3394838	493
3396530	1692
3397534	1004
3399156	1622
3400300	1144
3400749	449
3401444	695
3401731	287
3401992	261
3402247	255
3403306	1059
3404978	1672
3405976	998
3405986	10
3408523	2537
3409172	649
3409386	214
3409636	250
3409916	280
3410647	731
3411021	374
3411595	574
3412330	735
3412620	290
3412722	102
3412777	55
3413839	1062
3415638	1799
3416784	1146
3420666	3882
3422298	1632
3425046	2748
3427357	2311
3427581	224
3430051	2470
3430499	448
3430744	245
3431316	572
3434231	2915
3434426	195
3434444	18
3438448	4004
3438569	121
3442326	3757
3442582	256
3442595	13
3442735	140
3443595	860
3445138	1543
3448082	2944
3448753	671
3450557	1804
3453559	3002
3454258	699
3460260	6002
3462333	2073
3462890	557
3463156	266
3463721	565
3464053	332
3464771	718
3465890	1119
3466094	204
3468158	2064
3470068	1910
3470900	832
3472856	1956
3473454	598
3473949	495
3474011	62
3474021	10
3476427	2406
3476955	528
3476979	24
3478607	1628
3483539	4932
3484363	824
3485289	926
3485634	345
3487583	1949
3488396	813
3488549	153
3489779	1230
3491199	1420
3491299	100
3492779	1480
3492821	42
3493180	359
3498136	4956
3499742	1606
3500187	445
3500813	626
3502612	1799
3503156	544
3504475	1319
3505531	1056
3508669	3138
3509251	582
3514588	5337
3514912	324
3517463	2551
3517979	516
3519565	1586
3520674	1109
3521849	1175
3522462	613
3523560	1098
3523805	245
3524782	977
3526106	1324
3528115	2009
3529848	1733
3532023	2175
3533884	1861
3536176	2292
3537741	1565
3538406	665
3539756	1350
3541004	1248
3541019	15
3542698	1679
3542818	120
3543190	372
3543407	217
3546735	3328
3547372	637
3549331	1959
3552611	3280
3552834	223
3552846	12
3553051	205
3554567	1516
3557506	2939
3558869	1363
3559086	217
3559506	420
3559604	98
3559667	63
3560637	970
3561182	545
3561572	390
3565859	4287
3566755	896
3566794	39
3567056	262
3567406	350
3569060	1654
3571039	1979
3574968	3929
3575821	853
3576790	969
3581880	5090
3581915	35
3582053	138
3582065	12
3582067	2
3583487	1420
3583595	108
3586132	2537
3586870	738
3587982	1112
3587983	1
3592210	4227
3594010	1800
3596411	2401
3596454	43
3597528	1074
3599199	1671
3599224	25
3599234	10
3599262	28
3599265	3
3599377	112
3599396	19
3599434	38
3599452	18
3599462	10
3599465	3
3600536	1071
3601428	892
3601799	371
3602312	513
3602348	36
3602406	58
3602674	268
3604862	2188
3605996	1134
3606814	818
3607208	394
3607213	5
3607240	27
3607301	61
3607333	32
3607349	16
3607394	45
3607399	5
3607661	262
3607878	217
3608268	390
3611421	3153
3611513	92
3614598	3085
3615437	839
3616295	858
3616635	340
3616855	220
3617055	200
3617083	28
3617100	17
3617399	299
3618642	1243
3619778	1136
3620282	504
3621893	1611
3622160	267
3624715	2555
3626157	1442
3630783	4626
3631635	852
3631982	347
3632249	267
3632455	206
3633230	775
3636229	2999
3637526	1297
3638412	886
3638522	110
3639582	1060
3642204	2622
3644083	1879
3647323	3240
3647593	270
3647809	216
3648390	581
3648996	606
3650822	1826
3655884	5062
3656048	164
3656430	382
3660677	4247
3661654	977
3662665	1011
3663754	1089
3664573	819
3664913	340
3665813	900
3667911	2098
3669047	1136
3670597	1550
3673856	3259
3679239	5383
3680373	1134
3681217	844
3681721	504
3684890	3169
3685778	888
3686119	341
3688268	2149
3689505	1237
3689646	141
3690004	358
3690795	791
3692137	1342
3694075	1938
3696587	2512
3700127	3540
3700618	491
3702643	2025
3706048	3405
3707414	1366
3707892	478
3709184	1292
3709193	9
3709886	693
3709894	8
3709930	36
3710320	390
3710746	426
3712797	2051
3717304	4507
3718902	1598
3719761	859
3719959	198
3720407	448
3720466	59
3721396	930
3721519	123
3721669	150
3721701	32
3721731	30
3721854	123
3722267	413
3726879	4612
3728398	1519
3730793	2395
3732130	1337
3734331	2201
3735345	1014
3737497	2152
3738195	698
3738390	195
3739989	1599
3740537	548
3741848	1311
3742549	701
3743570	1021
3744070	500
3744351	281
3746162	1811
3746548	386
3747759	1211
3748449	690
3750830	2381
3751486	656
3751611	125
3753425	1814
3756151	2726
3757121	970
3758247	1126
3759100	853
3759207	107
3761259	2052
3766595	5336
3767083	488
3767965	882
3769693	1728
3774133	4440
3776988	2855
3777278	290
3778268	990
3780450	2182
3780572	122
3780709	137
3781821	1112
3781910	89
3782882	972
3783271	389
3786388	3117
3786854	466
3787718	864
3788030	312
3790989	2959
3793628	2639
3798562	4934
3800414	1852
3800489	75
3801679	1190
3802342	663
3803053	711
3804838	1785
3808488	3650
3808715	227
3808945	230
3809055	110
3809697	642
3810768	1071
3813163	2395
3813696	533
3814355	659
3817701	3346
3820907	3206
3821383	476
3821930	547
3822974	1044
3823403	429
3829168	5765
3829241	73
3829284	43
3829609	325
3830020	411
3831053	1033
3832242	1189
3834304	2062
3835800	1496
3839879	4079
3840944	1065
3842141	1197
3843028	887
3845447	2419
3847267	1820
3847607	340
3849764	2157
3852242	2478
3853566	1324
3853884	318
3854331	447
3854424	93
3855211	787
3861447	6236
3862321	874
3862533	212
3862825	292
3864946	2121
3865880	934
3868307	2427
3869783	1476
3869799	16
3869814	15
3869826	12
3869847	21
3869858	11
3872292	2434
3873188	896
3873189	1
3873197	8
3873425	228
3873458	33
3873488	30
3873500	12
3873521	21
3873544	23
3873764	220
3875750	1986
3875968	218
3876867	899
3878302	1435
3879101	799
3879102	1
3881142	2040
3881995	853
3882810	815
3884910	2100
3885436	526
3889361	3925
3891186	1825
3894012	2826
3894221	209
3897551	3330
3900568	3017
3900914	346
3903990	3076
3905333	1343
3906179	846
3907515	1336
3907726	211
3908171	445
3910717	2546
3913272	2555
3915067	1795
3916642	1575
3918393	1751
3919979	1586
3920649	670
3920720	71
3921185	465
3921386	201
3922393	1007
3925538	3145
3926155	617
3926454	299
3928533	2079
3929322	789
3929649	327
3930909	1260
3932120	1211
3932921	801
3932928	7
3932934	6
3932935	1
3935466	2531
3936649	1183
3938576	1927
3939369	793
3942945	3576
3943338	393
3944660	1322
3945496	836
3945733	237
3947368	1635
3947777	409
3949327	1550
3954776	5449
3954944	168
3956363	1419
3958740	2377
3960716	1976
3965274	4558
3965421	147
3966249	828
3966962	713
3967146	184
3968154	1008
3968895	741
3968953	58
3969143	190
3969339	196
3970523	1184
3972206	1683
3972944	738
3973050	106
3976949	3899
3977199	250
3977410	211
3980362	2952
3980663	301
3981229	566
3981378	149
3982883	1505
3984424	1541
3987954	3530
3991859	3905
3992174	315
3992721	547
3993627	906
3996716	3089
3998462	1746
4000388	1926
4001844	1456
4004415	2571
4004662	247
4004913	251
4006844	1931
4008916	2072
4008922	6
4009050	128
4009203	153
4009371	168
4011109	1738
4011955	846
4012238	283
4013599	1361
4013949	350
4014531	582
4015426	895
4015632	206
4016237	605
4020265	4028
4020882	617
4020905	23
4022293	1388
4023052	759
4023684	632
4024473	789
4026016	1543
4026323	307
4026837	514
4028250	1413
4028252	2
4028372	120
4028431	59
4028454	23
4028473	19
4028493	20
4028499	6
4028553	54
4028581	28
4028630	49
4028633	3
4028641	8
4029571	930
4033216	3645
4034888	1672
4035775	887
4036729	954
4036777	48
4036849	72
4036850	1
4037811	961
4038269	458
4040712	2443
4041061	349
4043503	2442
4043655	152
4043772	117
4045131	1359
4046816	1685
4049310	2494
4049985	675
4050043	58
4050191	148
4051175	984
4053638	2463
4053682	44
4055366	1684
4060259	4893
4060914	655
4061265	351
4062086	821
4062193	107
4062471	278
4064162	1691
4065657	1495
4066800	1143
4067450	650
4070741	3291
4071196	455
4071679	483
4072455	776
4072684	229
4076092	3408
4076878	786
4079069	2191
4082209	3140
4084918	2709
4088072	3154
4089249	1177
4090205	956
4091544	1339
4093556	2012
4094828	1272
4095544	716
4098772	3228
4105692	6920
4106474	782
4109891	3417
4112306	2415
4114379	2073
4114441	62
4115013	572
4115510	497
4115820	310
4116374	554
4116854	480
4117085	231
4117213	128
4117864	651
4118790	926
4120875	2085
4121830	955
4121991	161
4123582	1591
4123662	80
4124357	695
4127633	3276
4128976	1343
4133495	4519
4136550	3055
4137307	757
4139076	1769
4141404	2328
4150419	9015
4152403	1984
4153143	740
4153684	541
4157800	4116
4159133	1333
4160159	1026
4161833	1674
4162050	217
4163073	1023
4164754	1681
4167498	2744
4168346	848
4169105	759
4172481	3376
4172600	119
4173715	1115
4173957	242
4174023	66
4174045	22
4174390	345
4174481	91
4175175	694
4175358	183
4175742	384
4176208	466
4177279	1071
4179270	1991
4180128	858
4183107	2979
4189101	5994
4191211	2110
4195375	4164
4196266	891
4196457	191
4198014	1557
4200616	2602
4200725	109
4202007	1282
4202581	574
4203930	1349
4204482	552
4204509	27
4204605	96
4204636	31
4204638	2
4204967	329
4207024	2057
4213670	6646
4214667	997
4215655	988
4216980	1325
4223580	6600
4225271	1691
4225757	486
4228233	2476
4228234	1
4232216	3982
4233011	795
4236183	3172
4236339	156
4237097	758
4239231	2134
4247425	8194
4255218	7793
4256233	1015
4256635	402
4257086	451
4259090	2004
4259941	851
4260489	548
4264182	3693
4264848	666
4265364	516
4266959	1595
4267702	743
4269004	1302
4269059	55
4271149	2090
4271660	511
4272554	894
4273823	1269
4273921	98
4274929	1008
4276394	1465
4278374	1980
4279162	788
4280197	1035
4280468	271
4282692	2224
4283712	1020
4283750	38
4284046	296
4284698	652
4288332	3634
4289227	895
4289626	399
4291285	1659
4291758	473
4293082	1324
4293171	89
4299012	5841
4299353	341
4301736	2383
4302522	786
4303428	906
4304054	626
4309048	4994
4310849	1801
4310880	31
4311246	366
4311440	194
4313061	1621
4314264	1203
4314942	678
4317410	2468
4319354	1944
4319911	557
4321344	1433
4322144	800
4323646	1502
4324515	869
4325655	1140
4326772	1117
4327058	286
4329052	1994
4329117	65
4329651	534
4330788	1137
4331801	1013
4332412	611
4335250	2838
4336330	1080
4337582	1252
4337659	77
4337677	18
4337695	18
4337808	113
4337921	113
4339459	1538
4340824	1365
4342187	1363
4343999	1812
4344519	520
4346130	1611
4347618	1488
4349473	1855
4351014	1541
4354622	3608
4355087	465
4355138	51
4355325	187
4355868	543
4359542	3674
4361681	2139
4362459	778
4362977	518
4363390	413
4363649	259
4366284	2635
4368964	2680
4370120	1156
4370507	387
4373051	2544
4373329	278
4375088	1759
4377182	2094
4377272	90
4377938	666
4380686	2748
4383244	2558
4383598	354
4383858	260
4383894	36
4384765	871
4384829	64
4385341	512
4387798	2457
4390059	2261
4393946	3887
4396737	2791
4397323	586
4399632	2309
4399947	315
4403420	3473
4403530	110
4405466	1936
4406005	539
4408767	2762
4412852	4085
4415099	2247
4415864	765
4426003	10139
4429681	3678
4430679	998
4430711	32
4436064	5353
4436316	252
4436838	522
4438709	1871
4439642	933
4440184	542
4444136	3952
4445151	1015
4447680	2529
4447785	105
4450623	2838
4451758	1135
4451946	188
4452286	340
4453350	1064
4453388	38
4455260	1872
4456648	1388
4456655	7
4457098	443
4457718	620
4459118	1400
4459770	652
4460324	554
4466128	5804
4466942	814
4468030	1088
4469970	1940
4471309	1339
4471354	45
4474260	2906
4474847	587
4475190	343
4476790	1600
4478248	1458
4479379	1131
4479468	89
4480685	1217
4481727	1042
4486152	4425
4486699	547
4488774	2075
4491040	2266
4494689	3649
4495551	862
4496176	625
4496844	668
4496994	150
4499918	2924
4502239	2321
4503516	1277
4504651	1135
4512272	7621
4513113	841
4513667	554
4515512	1845
4517233	1721
4519089	1856
4519338	249
4519776	438
4520041	265
4520503	462
4522843	2340
4523607	764
4523616	9
4524369	753
4524492	123
4524512	20
4528921	4409
4531218	2297
4533678	2460
4535354	1676
4538246	2892
4538750	504
4538922	172
4540778	1856
4541783	1005
4542341	558
4543152	811
4544451	1299
4544575	124
4544904	329
4544977	73
4547403	2426
4549564	2161
4550860	1296
4551138	278
4551532	394
4554469	2937
4555054	585
4555467	413
4559245	3778
4559411	166
4560005	594
4560240	235
4561158	918
4561970	812
4562687	717
4566784	4097
4567384	600
4568140	756
4568851	711
4569216	365
4569558	342
4569667	109
4572705	3038
4575067	2362
4575203	136
4575600	397
4575732	132
4578234	2502
4581335	3101
4582372	1037
4583154	782
4583718	564
4584435	717
4585480	1045
4588766	3286
4588780	14
4591172	2392
4596999	5827
4597274	275
4598585	1311
4602736	4151
4603379	643
4603778	399
4604135	357
4606617	2482
4606921	304
4608551	1630
4611052	2501
4611702	650
4616209	4507
4617159	950
4617780	621
4619874	2094
4620374	500
4620752	378
4620785	33
4621456	671
4629318	7862
4630354	1036
4630884	530
4632387	1503
4638873	6486
4639774	901
4640084	310
4643281	3197
4644044	763
4645492	1448
4646460	968
4647272	812
4648986	1714
4649572	586
4652626	3054
4653811	1185
4654911	1100
4655089	178
4655091	2
4660575	5484
4661497	922
4661897	400
4662840	943
4663772	932
4664487	715
4664645	158
4665720	1075
4667430	1710
4668211	781
4669932	1721
4671595	1663
4671950	355
4673099	1149
4674351	1252
4675052	701
4675247	195
4676310	1063
4679126	2816
4681115	1989
4682193	1078
4688500	6307
4692050	3550
4692431	381
4692716	285
4695736	3020
4697706	1970
4699569	1863
4700328	759
4700517	189
4701110	593
4701625	515
4706434	4809
4708386	1952
4708731	345
4709734	1003
4711049	1315
4712903	1854
4714148	1245
4716583	2435
4717680	1097
4717769	89
4717885	116
4724203	6318
4725066	863
4726695	1629
4731002	4307
4731218	216
4738565	7347
4741076	2511
4741086	10
4741467	381
4742443	976
4742627	184
4743340	713
4743690	350
